MOTIF:IBM-MA
9 1300 0 20

 -1483   -1292   -1433   -1485   -1371   -1505   -1544   -1197   -1384   -1171    511   -1466   -1606   -1604   -1505   -1547   -1427   -1264   -1193   -1349 
   326   -1123   -1360   -1384   -1392   -1243   -1496   -1319   -1334   -1356   -1348   -1379   -1533   -1536   -1395   -1255   -1268   -1188   -1290   -1457 
  -324   -215   -300   -338   -222   -421   -467    425    -28      1    -76   -322   -535   -485   -354   -415   -247    192   -213   -301 
   232   -161   -324   -353   -425   -249   -471   -365   -301   -388   -398   -342    218   -484   -375   -264   -239   -263   -335   -480 
  -381   -173   -349   -386    459   -447   -394   -173   -334   -121   -218   -384   -506   -552   -416   -414   -396   -209    -24     56 
  -191    -93   -157   -172    231   -281    -38   -118   -118    -21   -147      6   -369   -344   -187   -125   -207   -115     89    377 
  -233   -140   -215     52   -151   -332   -337    364   -133    184    -61   -251   -449    -75   -236   -329   -181     80   -129   -235 
  -193   -242   -195     40   -339   -304   -350   -270   -148   -273   -322   -274    304   -358   -252   -283   -230   -234   -281   -404 
     1   -405    282    331   -455   -285   -307   -334    -48   -343   -332   -144   -404   -209   -232     49   -239   -272   -348   -396 
  -126   -178     -5    195   -222     27     82     99     85     25   -147    -45    -49     91    -46   -161    -88   -119   -122   -194 

MOTIF:IBM-8
8 1300 0 20

    326   -123   -360   -384   -392   -243   -496   -319   -334   -356   -348   -379   -533   -536   -395   -255   -268   -188   -290   -457 
  -324   -215   -300   -338   -222   -421   -467    425    -28      1    -76   -322   -535   -485   -354   -415   -247    192   -213   -301 
   232   -161   -324   -353   -425   -249   -471   -365   -301   -388   -398   -342    218   -484   -375   -264   -239   -263   -335   -480 
  -381   -173   -349   -386    459   -447   -394   -173   -334   -121   -218   -384   -506   -552   -416   -414   -396   -209    -24     56 
  -191    -93   -157   -172    231   -281    -38   -118   -118    -21   -147      6   -369   -344   -187   -125   -207   -115     89    377 
  -233   -140   -215     52   -151   -332   -337    364   -133    184    -61   -251   -449    -75   -236   -329   -181     80   -129   -235 
  -193   -242   -195     40   -339   -304   -350   -270   -148   -273   -322   -274    304   -358   -252   -283   -230   -234   -281   -404 
     1   -405    282    331   -455   -285   -307   -334    -48   -343   -332   -144   -404   -209   -232     49   -239   -272   -348   -396 
  -126   -178     -5    195   -222     27     82     99     85     25   -147    -45    -49     91    -46   -161    -88   -119   -122   -194 

MOTIF:IBM-C
14 1300 0 20

  -130   -194    299    138   -239   -183   -150   -177    201   -184   -165    123   -307      0    109   -161    -91   -140   -134     96 
  -158   -113   -104    -69    193   -238     88    -37     13     54    -92   -120   -356    150     92   -221   -115    116    -80   -120 
  -367   -222   -434   -402   -143   -492   -471      1   -327    348    -52   -433   -539   -480   -371   -504   -314    189   -189   -332 
   143    -66   -254   -228   -124   -270   -298     35   -129    148    -65   -233   -412   -349     84   -270   -128    278    -86   -197 
    75   -103    -97    -66   -148   -228   -193    137      4    -84    -86   -117   -351    174   -111   -212     68    -21    -86    104 
   143    -51   -235     75   -112   -257   -283    164   -134     75    -54   -218   -399   -339   -214   -254     65    242    -71   -181 
  -371   -228   -440   -404    204   -488   -456    -17   -327    321    167   -430   -536   -471   -366   -499   -316    105   -163   -312 
  -273    351   -242   -259    104   -352    184   -163   -194     35   -200   -254   -446   -401   -257   -330   -270   -165     65    366 
  -266   -431    177    396   -470   -323   -335   -347    147   -364   -352   -190   -435   -234   -248   -340   -270   -294   -356     81 
   140    -51   -270   -245   -104   -268   -294    239   -162    -34    -47   -235   -406   -360   -231   -268     72    237    369   -177 
  -354   -210   -403   -368   -139   -471   -441    127   -293    351    -39   -403   -509   -448   -335   -477   -298     93   -177   -321 
  -224    238   -179   -173    236   -302   -103   -136    147   -154   -172   -196   -404   -307    209   -280   -212   -132     44    312 
  -211   -212   -125    -82   -275   -265    100    123    117   -192    155   -127   -390     87    300   -253   -162   -150   -158   -252 
  -195    171   -162   -178    204   -285    120     42   -124   -129   -151   -198   -373   -348   -192   -255   -211   -118     88    376 
 